0 OSCAR 7
1 07530U 74089B   14180.51683527 -.00000029  00000-0  87374-4 0    24
2 07530 101.4720 161.9422 0011393 270.9519 203.1800 12.53605465813066
0 OSCAR 8
1 10703U 78026B   14180.98275367  .00000188  00000-0  15830-3 0  1804
2 10703 098.7438 168.7726 0008079 097.0108 326.4828 13.99088362853118
0 RADIO 3
1 12997U 81120A   14181.48790690  .00000100  00000-0  90939-3 0  4302
2 12997 082.9589 168.5178 0059709 058.1772 059.3742 12.15798769443924
0 RADIO 8
1 12998U 81120B   14181.45526706  .00000051  00000-0  49595-3 0  7732
2 12998 082.9609 326.8379 0018630 057.6086 357.1613 12.03135435428909
0 RADIO 5
1 12999U 81120C   14180.42415753 -.00000009  00000-0 -21708-3 0   507
2 12999 082.9629 301.5159 0013113 279.9187 189.6010 12.05248893431278
0 RADIO 4
1 13000U 81120D   14180.34398811  .00000144  00000-0  15305-2 0   409
2 13000 082.9626 283.2292 0019951 167.5631 247.4310 12.06854181433187
0 RADIO 7
1 13001U 81120E   14181.48620775 -.00000096  00000-0 -11752-2 0  7859
2 13001 082.9586 255.2847 0024284 045.7545 083.1484 12.08881822435671
0 RADIO 6
1 13002U 81120F   14180.09878866 -.00000039  00000-0 -51164-3 0  4139
2 13002 082.9577 195.0936 0051836 166.6260 248.8862 12.13776379441350
0 OSCAR 10
1 14129U 83058B   14179.25056527 -.00000077  00000-0  00000+0 0  1856
2 14129 026.2971 213.1570 6000605 008.4799 024.6556 02.05869032205470
0 OSCAR 11 (UoSAT 2)
1 14781U 84021B   14181.13373438  .00000285  00000-0  42880-4 0  5327
2 14781 097.8516 241.0088 0010052 134.7699 225.4333 14.81621807629882
0 JAS 1 (FUJI 1)
1 16909U 86061B   14180.49945034 -.00000101  00000-0 -24624-4 0  4135
2 16909 050.0143 270.4264 0011191 202.3668 252.9776 12.44461678267876
0 COSMOS 1861
1 18129U 87054A   14181.00161304  .00000057  00000-0  45143-4 0  4959
2 18129 082.9276 317.0826 0011240 213.2451 285.2725 13.72921357353833
0 OSCAR 14 (UOSAT 3)
1 20437U 90005B   14181.43647323  .00000019  00000-0  23134-4 0  4001
2 20437 098.5495 118.1623 0011786 126.2934 012.5057 14.31989429276229
0 OSCAR 15 (UOSAT 4)
1 20438U 90005C   14180.78669845  .00000036  00000-0  30388-4 0  8947
2 20438 098.5938 117.6775 0010308 171.1650 241.3830 14.30786161275347
0 OSCAR 16 (PACSAT)
1 20439U 90005D   14180.81335034  .00000057  00000-0  37152-4 0   561
2 20439 098.5068 117.9117 0012047 120.1408 293.7494 14.32362294276293
0 OSCAR 17 (DOVE)
1 20440U 90005E   14180.48093949  .00000048  00000-0  33354-4 0  8010
2 20440 098.4874 118.3272 0012148 110.8107 352.7997 14.32721412276442
0 OSCAR 18 (WEBERSAT)
1 20441U 90005F   14180.80550941  .00000072  00000-0  42354-4 0  2861
2 20441 098.4925 117.9988 0012759 116.5322 296.7140 14.32417619276379
0 OSCAR 19 (LUSAT)
1 20442U 90005G   14181.41568816  .00000025  00000-0  25110-4 0  9945
2 20442 098.4776 119.1177 0013090 108.7868 251.4737 14.32564432276573
0 JAS 1B (FUJI 2)
1 20480U 90013C   14180.82918012 -.00000007  00000-0  63047-4 0  7701
2 20480 099.0444 141.5823 0539584 325.2577 089.6434 12.83394247142751
0 INFORMATOR 1
1 21087U 91006A   14180.98701510  .00000070  00000-0  57076-4 0  8668
2 21087 082.9448 123.8515 0035114 191.5042 240.7268 13.75172886175129
0 COSMOS 2123
1 21089U 91007A   14181.47177237  .00000039  00000-0  25797-4 0  7613
2 21089 082.9241 341.5112 0028160 243.1128 169.6112 13.74586169173864
0 OSCAR 22 (UoSAT 5)
1 21575U 91050B   14180.84314282  .00000072  00000-0  37174-4 0   492
2 21575 098.6992 157.2646 0006164 286.1090 133.2881 14.40390204205302
0 OSCAR 23 (KITSAT 1)
1 22077U 92052B   14181.33644862 -.00000068  00000-0 -25961-4 0  6751
2 22077 066.0859 074.7170 0008771 215.1287 238.7313 12.86493189 28096
0 ARASENE
1 22654U 93031B   14180.34647292 -.00000113  00000-0  00000+0 0  8800
2 22654 003.3487 297.9661 2856575 273.9779 054.8155 01.42205636105258
0 KITSAT B
1 22825U 93061C   14180.78748605  .00000049  00000-0  36246-4 0  7027
2 22825 098.6621 126.8009 0007308 258.0853 159.3351 14.29724786 82588
0 POSAT 1
1 22826U 93061D   14180.83897957  .00000061  00000-0  40898-4 0  4590
2 22826 098.6564 127.0695 0007906 249.6808 110.3525 14.30025624 82722
0 ITAMSAT
1 22828U 93061F   14181.06858237  .00000041  00000-0  32741-4 0  6426
2 22828 098.6484 126.6087 0009320 217.5512 142.5020 14.30316929 51086
0 EYESAT A
1 22829U 93061G   14180.49120572  .00000029  00000-0  27866-4 0  6919
2 22829 098.6495 127.8377 0009297 211.1009 266.1326 14.30689813 83091
0 RADIO ROSTO
1 23439U 94085A   14181.43769361 -.00000039  00000-0  10000-3 0  6861
2 23439 064.8124 170.2998 0145300 079.9889 281.7396 11.27561353803491
0 JAS 2
1 24278U 96046B   14180.51781182 -.00000016  00000-0  22918-4 0  4073
2 24278 098.5118 192.6758 0349438 265.6120 252.4633 13.53025275882330
0 TMSAT
1 25396U 98043C   14180.81083113  .00000055  00000-0  42121-4 0  8889
2 25396 098.4385 142.1207 0001708 224.7732 192.8854 14.24174580829950
0 TECHSAT 1B
1 25397U 98043D   14180.81314104  .00000021  00000-0  27750-4 0  3819
2 25397 098.4690 138.3302 0000147 201.9602 216.1024 14.23447641829669
0 SEDSAT 1
1 25509U 98061B   14180.16023662  .00000112  00000-0  76567-5 0  7825
2 25509 031.4352 092.5401 0349762 219.2972 291.6569 14.29553657818861
0 PAN SAT
1 25520U 98064B   14180.35685264  .00001508  00000-0  52742-4 0  5167
2 25520 028.4578 147.1842 0003940 246.5250 242.7595 15.23573619868498
0 ISS (ZARYA)
1 25544U 98067A   14181.56627443  .00004978  00000-0  94093-4 0  6019
2 25544 051.6479 033.2388 0004006 189.6414 212.8647 15.50322300893409
0 ORSTED
1 25635U 99008B   14180.83530878  .00000211  00000-0  58264-4 0  1437
2 25635 096.4657 323.8182 0142441 101.1711 057.8864 14.47167238809496
0 SUNSAT
1 25636U 99008C   14180.96175182  .00000156  00000-0  47402-4 0  8397
2 25636 096.4757 311.6369 0147662 157.1792 343.3781 14.44190323808409
0 OSCAR 36 (UOSAT 12)
1 25693U 99021A   14180.66880469 -.00000023  00000-0  16327-4 0  5239
2 25693 064.5553 223.8285 0047892 287.0085 211.2853 14.79972004819761
0 KITSAT 3
1 25756U 99029A   14180.76142140  .00000075  00000-0  29333-4 0  4477
2 25756 098.4540 078.5463 0012974 327.6998 080.7079 14.53221256800108
0 TUBSAT
1 25757U 99029B   14181.58963891  .00000070  00000-0  29262-4 0  8888
2 25757 098.4900 073.0779 0014860 013.0531 347.1051 14.51156595799449
0 IRS P4 (OCEANSAT 1)
1 25758U 99029C   14181.32572170  .00000120  00000-0  40746-4 0  6836
2 25758 098.2297 269.2499 0003156 029.8730 012.2571 14.51734886799584
0 TIUNGSAT 1
1 26548U 00057D   14181.11542480  .00000414  00000-0  63210-4 0   140
2 26548 064.5529 139.0005 0012471 207.8997 232.9198 14.86764634744922
0 AMSAT OSCAR 40
1 26609U 00072B   14179.32073135 -.00000195  00000-0  00000+0 0  9768
2 26609 008.2069 046.8087 7933415 123.4386 335.8254 01.25585642 62716
0 PCSAT
1 26931U 01043C   14181.47251273  .00000004  00000-0  33620-4 0  6376
2 26931 067.0527 004.1968 0006540 282.7336 077.3034 14.30123928665503
0 SAPPHIRE
1 26932U 01043D   14180.81817346  .00000012  00000-0  36833-4 0  6461
2 26932 067.0575 006.8509 0004690 289.0908 070.9685 14.30010753665452
0 RUBIN 2
1 27605U 02058A   14181.17284745  .00000145  00000-0  42682-4 0  4539
2 27605 064.5557 173.7530 0049202 007.3125 067.2357 14.73931783619793
0 SAUDISAT 1C
1 27607U 02058C   14180.77385942  .00000287  00000-0  64022-4 0  4323
2 27607 064.5552 193.9777 0049179 006.9587 353.2186 14.73787512619334
0 CUTE-1
1 27844U 03031E   14181.01121677  .00000110  00000-0  70426-4 0  9593
2 27844 098.6978 189.5978 0008826 232.8773 180.9811 14.21516535570404
0 CUBESAT XI-IV
1 27848U 03031J   14180.82163372  .00000091  00000-0  62120-4 0  8996
2 27848 098.7072 189.1286 0008684 240.5250 244.7494 14.21202074570293
0 MOZHAYETS 4
1 27939U 03042A   14181.48128291  .00000450  00000-0  91749-4 0  6258
2 27939 097.8103 354.9641 0014571 066.7912 293.4834 14.65224536574671
0 AMSAT ECHO
1 28375U 04025K   14180.42367422  .00000068  00000-0  33336-4 0  8759
2 28375 098.2504 126.9164 0081992 315.9560 043.5116 14.41394656525669
0 HAMSAT
1 28650U 05017B   14181.49069795  .00000660  00000-0  81798-4 0  7782
2 28650 097.5601 185.7911 0026781 113.6256 246.7776 14.85524201495202
0 CUBESAT XI-V
1 28895U 05043F   14181.07786923  .00000280  00000-0  64648-4 0  8060
2 28895 097.8347 022.2760 0016418 334.1115 025.9264 14.61910338462139
0 CUTE-1.7+APD II
1 32785U 08021C   14181.09775772  .00000560  00000-0  71054-4 0  9885
2 32785 097.6987 231.9704 0015138 143.0256 273.4955 14.85330922333942
0 COMPASS 1
1 32787U 08021E   14180.74183919  .00001240  00000-0  14088-3 0  9704
2 32787 097.7009 233.9142 0015322 136.9290 223.3129 14.87954711334052
0 DELFI C3
1 32789U 08021G   14181.14557384  .00002482  00000-0  24084-3 0  9966
2 32789 097.7201 241.9347 0013718 120.7356 291.7884 14.93490705334439
0 SEEDS
1 32791U 08021J   14181.11347312  .00000977  00000-0  11591-3 0  9533
2 32791 097.7004 233.0138 0015880 139.1346 221.1064 14.86609125333973
0 YUBELEINY
1 32953U 08025A   14181.43050558  .00000010  00000-0  00000+0 0   566
2 32953 082.5006 192.9746 0020098 124.8527 235.4452 12.43048683276909
0 PRISM (HITOMI)
1 33493U 09002B   14181.51483854  .00001195  00000-0  13159-3 0   568
2 33493 098.2500 357.7301 0018746 044.4318 315.8456 14.89495596294168
0 STARS (KUKAI)
1 33498U 09002G   14180.38034792  .00000580  00000-0  92840-4 0  3857
2 33498 098.1938 311.4996 0011228 214.5748 209.9939 14.75584695291855
0 KKS-1 (KISEKI)
1 33499U 09002H   14181.39365086  .00000360  00000-0  63550-4 0  3967
2 33499 098.1909 309.2337 0008986 217.3648 178.7816 14.73413370291794
0 SWISSCUBE
1 35932U 09051B   14181.12434195  .00000300  00000-0  81358-4 0  3403
2 35932 098.3800 293.4514 0007120 350.7987 009.3078 14.54460120252776
0 BEESAT
1 35933U 09051C   14180.96921256  .00000288  00000-0  77941-4 0  6214
2 35933 098.3798 294.0552 0005588 009.3772 350.7528 14.54762393252834
0 UWE-2
1 35934U 09051D   14181.04348482  .00000207  00000-0  59360-4 0  9858
2 35934 098.3743 293.1728 0006304 009.6584 350.4733 14.54498007252834
0 ITUPSAT 1
1 35935U 09051E   14180.72913504  .00000318  00000-0  86332-4 0  5258
2 35935 098.3899 294.0419 0007700 354.5028 005.6082 14.54060959252691
0 XIWANG-1 (HOPE-1)
1 36122U 09072B   14181.18317255 -.00000043  00000-0  00000+0 0  7220
2 36122 100.2489 232.6645 0007590 203.9728 156.1060 13.16316448218142
0 JUGNU
1 37839U 11058B   14181.17626964  .00000337  00000-0  38175-4 0  6450
2 37839 019.9601 176.2122 0019090 126.5273 314.8849 14.12315645140390
0 SRMSAT
1 37841U 11058D   14181.11401535  .00000324  00000-0  33157-4 0  6497
2 37841 019.9703 196.1729 0012184 065.3508 345.5305 14.10356350140189
0 AUBIESAT-1
1 37854U 11061E   14181.08199196  .00004301  00000-0  28995-3 0  8278
2 37854 101.7162 218.7783 0214042 016.6479 038.6277 14.90910459144632
0 M-CUBED/EXP-1 PRIME
1 37855U 11061F   14181.07622392  .00003887  00000-0  26608-3 0  8353
2 37855 101.7166 218.1131 0216162 017.9853 033.9530 14.90219018144603
0 MASAT-1
1 38081U 12006E   14181.49628574  .00051731  40829-5  57984-3 0  1789
2 38081 069.4559 315.7942 0361831 335.8715 086.7968 15.11268743125487
