0 OSCAR 7
1 07530U 74089B   14181.55966030 -.00000025  00000-0  11574-3 0    37
2 07530 101.4721 162.9508 0011403 268.8999 229.4450 12.53605513813193
0 OSCAR 8
1 10703U 78026B   14181.98397583  .00000153  00000-0  13417-3 0  1812
2 10703 098.7439 169.7285 0008041 094.6026 328.9805 13.99089166853251
0 RADIO 3
1 12997U 81120A   14181.48790690  .00000100  00000-0  90939-3 0  4302
2 12997 082.9589 168.5178 0059709 058.1772 059.3742 12.15798769443924
0 RADIO 8
1 12998U 81120B   14181.45526706  .00000051  00000-0  49595-3 0  7732
2 12998 082.9609 326.8379 0018630 057.6086 357.1613 12.03135435428909
0 RADIO 5
1 12999U 81120C   14182.74946576 -.00000071  00000-0 -92714-3 0   511
2 12999 082.9628 300.2516 0013161 274.3391 199.6758 12.05249094431554
0 RADIO 4
1 13000U 81120D   14182.76193243  .00000122  00000-0  12803-2 0   416
2 13000 082.9626 281.9113 0020015 162.7570 312.4433 12.06855064433478
0 RADIO 7
1 13001U 81120E   14181.48620775 -.00000096  00000-0 -11752-2 0  7859
2 13001 082.9586 255.2847 0024284 045.7545 083.1484 12.08881822435671
0 RADIO 6
1 13002U 81120F   14182.50290190 -.00000043  00000-0 -55348-3 0  4149
2 13002 082.9577 193.7651 0051911 161.6491 313.8465 12.13776307441649
0 OSCAR 10
1 14129U 83058B   14182.14489354 -.00000007  00000-0  00000+0 0  1860
2 14129 026.2923 212.6938 6001214 009.2604 009.7117 02.05868049205531
0 OSCAR 11 (UoSAT 2)
1 14781U 84021B   14182.14675833  .00000375  00000-0  54314-4 0  5339
2 14781 097.8516 242.0018 0010085 131.9802 228.2272 14.81623237630038
0 JAS 1 (FUJI 1)
1 16909U 86061B   14180.49945034 -.00000101  00000-0 -24624-4 0  4135
2 16909 050.0143 270.4264 0011191 202.3668 252.9776 12.44461678267876
0 COSMOS 1861
1 18129U 87054A   14182.44300080  .00000048  00000-0  35899-4 0  4962
2 18129 082.9276 316.0163 0011340 209.0975 209.4973 13.72921552354034
0 OSCAR 14 (UOSAT 3)
1 20437U 90005B   14182.81807346  .00000047  00000-0  33711-4 0  4011
2 20437 098.5496 119.5239 0011822 122.5885 294.5062 14.31989654276423
0 OSCAR 15 (UOSAT 4)
1 20438U 90005C   14181.83753013  .00000026  00000-0  26505-4 0  8951
2 20438 098.5937 118.7164 0010357 168.2334 253.8785 14.30786406275495
0 OSCAR 16 (PACSAT)
1 20439U 90005D   14182.43651562  .00000048  00000-0  33557-4 0   574
2 20439 098.5068 119.5045 0012098 115.8363 023.1135 14.32363060276523
0 OSCAR 17 (DOVE)
1 20440U 90005E   14181.79802946  .00000067  00000-0  40569-4 0  8028
2 20440 098.4873 119.6174 0012146 107.3023 305.6927 14.32721859276638
0 OSCAR 18 (WEBERSAT)
1 20441U 90005F   14181.85650734  .00000071  00000-0  41981-4 0  2873
2 20441 098.4925 119.0285 0012792 113.7468 316.0743 14.32418224276524
0 OSCAR 19 (LUSAT)
1 20442U 90005G   14182.81258819  .00000064  00000-0  39531-4 0  9955
2 20442 098.4776 120.4842 0013101 105.0249 255.2386 14.32564757276777
0 JAS 1B (FUJI 2)
1 20480U 90013C   14181.84075380 -.00000011  00000-0  53460-4 0  7710
2 20480 099.0444 142.4039 0539555 322.9633 083.3402 12.83394247142885
0 INFORMATOR 1
1 21087U 91006A   14182.00075116  .00000062  00000-0  48451-4 0  8678
2 21087 082.9449 123.1006 0035189 188.6582 219.3674 13.75173079175269
0 COSMOS 2123
1 21089U 91007A   14182.49242095  .00000044  00000-0  30522-4 0  7620
2 21089 082.9240 340.7535 0028197 240.1641 180.4059 13.74586212174007
0 OSCAR 22 (UoSAT 5)
1 21575U 91050B   14182.10788878  .00000077  00000-0  38734-4 0   509
2 21575 098.6992 158.5501 0006140 281.4179 212.4318 14.40390857205484
0 OSCAR 23 (KITSAT 1)
1 22077U 92052B   14181.33644862 -.00000068  00000-0 -25961-4 0  6751
2 22077 066.0859 074.7170 0008771 215.1287 238.7313 12.86493189 28096
0 ARASENE
1 22654U 93031B   14180.34647292 -.00000113  00000-0  00000+0 0  8800
2 22654 003.3487 297.9661 2856575 273.9779 054.8155 01.42205636105258
0 KITSAT B
1 22825U 93061C   14181.83640300  .00000049  00000-0  36391-4 0  7039
2 22825 098.6621 127.8444 0007331 254.5376 158.5941 14.29725109 82732
0 POSAT 1
1 22826U 93061D   14182.09841614  .00000059  00000-0  40123-4 0  4609
2 22826 098.6564 128.3221 0007945 245.4614 114.5740 14.30026167 82901
0 ITAMSAT
1 22828U 93061F   14182.46767242  .00000054  00000-0  37748-4 0  6433
2 22828 098.6484 127.9996 0009399 213.2341 146.8251 14.30317402 51280
0 EYESAT A
1 22829U 93061G   14181.80896641  .00000045  00000-0  34119-4 0  6920
2 22829 098.6495 129.1487 0009377 207.0157 213.4531 14.30690236 83280
0 RADIO ROSTO
1 23439U 94085A   14181.43769361 -.00000039  00000-0  10000-3 0  6861
2 23439 064.8124 170.2998 0145300 079.9889 281.7396 11.27561353803491
0 JAS 2
1 24278U 96046B   14181.84228189 -.00000004  00000-0  34294-4 0  4081
2 24278 098.5119 193.8175 0349455 262.1688 223.8204 13.53025169882515
0 TMSAT
1 25396U 98043C   14181.92989638  .00000049  00000-0  39223-4 0  8892
2 25396 098.4384 143.1956 0001777 220.6525 171.2143 14.24174966830112
0 TECHSAT 1B
1 25397U 98043D   14182.15037424  .00000034  00000-0  33243-4 0  3824
2 25397 098.4690 139.6178 0000228 192.4450 234.2508 14.23447854829854
0 SEDSAT 1
1 25509U 98061B   14182.11495563  .00000090  00000-0  31774-5 0  7832
2 25509 031.4353 081.4649 0349747 236.4054 271.4272 14.29554692819147
0 PAN SAT
1 25520U 98064B   14181.64207176  .00001808  00000-0  64943-4 0  5172
2 25520 028.4581 138.4946 0004012 260.6983 092.0002 15.23579331868688
0 ISS (ZARYA)
1 25544U 98067A   14182.93812257  .00006161  00000-0  11447-3 0  6095
2 25544 051.6473 026.4405 0003614 197.4074 306.7307 15.50344613893610
0 ORSTED
1 25635U 99008B   14182.12912622  .00000244  00000-0  66223-4 0  1443
2 25635 096.4656 324.8081 0142408 097.0979 318.3720 14.47168837809689
0 SUNSAT
1 25636U 99008C   14182.00041157  .00000184  00000-0  54714-4 0  8405
2 25636 096.4757 312.4290 0147742 153.9040 343.4430 14.44191020808553
0 OSCAR 36 (UOSAT 12)
1 25693U 99021A   14182.13585348  .00000019  00000-0  21784-4 0  5249
2 25693 064.5553 219.3124 0047931 286.8270 107.3426 14.79973073819982
0 KITSAT 3
1 25756U 99029A   14181.78989442  .00000081  00000-0  30766-4 0  4484
2 25756 098.4541 079.5836 0012918 324.3486 061.4653 14.53221742800258
0 TUBSAT
1 25757U 99029B   14182.69284939  .00000099  00000-0  36533-4 0  8891
2 25757 098.4900 074.1919 0014849 009.8510 350.2973 14.51157012799605
0 IRS P4 (OCEANSAT 1)
1 25758U 99029C   14182.78602799  .00000237  00000-0  69789-4 0  6846
2 25758 098.2298 270.6802 0003064 025.4088 084.1501 14.51735805799791
0 TIUNGSAT 1
1 26548U 00057D   14182.12478885  .00000548  00000-0  78145-4 0   151
2 26548 064.5529 135.8597 0012355 207.8524 235.1501 14.86766711745077
0 AMSAT OSCAR 40
1 26609U 00072B   14180.91260147 -.00000182  00000-0  00000+0 0  9773
2 26609 008.2090 046.5370 7933700 123.9627 335.5116 01.25585312 62732
0 PCSAT
1 26931U 01043C   14182.80127390  .00000096  00000-0  68883-4 0  6387
2 26931 067.0526 000.7701 0006566 281.5379 078.4985 14.30124012665693
0 SAPPHIRE
1 26932U 01043D   14182.00715992  .00000009  00000-0  35372-4 0  6472
2 26932 067.0574 003.7862 0004697 287.8764 072.1824 14.30011219665628
0 RUBIN 2
1 27605U 02058A   14182.46343932  .00000245  00000-0  57659-4 0  4548
2 27605 064.5558 169.8179 0049361 006.9335 075.3342 14.73933207619981
0 SAUDISAT 1C
1 27607U 02058C   14182.13097741  .00000362  00000-0  75308-4 0  4336
2 27607 064.5553 189.8406 0049342 006.5594 353.6142 14.73789993619537
0 CUTE-1
1 27844U 03031E   14182.50378222  .00000136  00000-0  82046-4 0  9609
2 27844 098.6978 191.0687 0008913 228.0815 259.6084 14.21517317570618
0 CUBESAT XI-IV
1 27848U 03031J   14181.99937041  .00000122  00000-0  76227-4 0  9008
2 27848 098.7072 190.2900 0008732 236.8570 150.7062 14.21202534570463
0 MOZHAYETS 4
1 27939U 03042A   14182.71050245  .00000396  00000-0  81731-4 0  6291
2 27939 097.8106 356.1327 0014497 063.5684 296.7002 14.65225380574858
0 AMSAT ECHO
1 28375U 04025K   14181.81201859  .00000089  00000-0  39726-4 0  8767
2 28375 098.2504 128.2576 0081913 311.7052 047.7149 14.41395240525868
0 HAMSAT
1 28650U 05017B   14182.56842457  .00001306  00000-0  15619-3 0  7792
2 28650 097.5600 186.8149 0026769 110.2782 250.1315 14.85526019495363
0 CUBESAT XI-V
1 28895U 05043F   14182.10453838  .00000375  00000-0  83571-4 0  8073
2 28895 097.8347 023.2494 0016355 330.6864 029.3419 14.61911703462289
0 CUTE-1.7+APD II
1 32785U 08021C   14182.10859528  .00000816  00000-0  10080-3 0  9896
2 32785 097.6987 232.9478 0015168 139.9624 278.3769 14.85332676334099
0 COMPASS 1
1 32787U 08021E   14182.08679785  .00001277  00000-0  14488-3 0  9719
2 32787 097.7009 235.2203 0015371 132.8725 227.3786 14.87963959334256
0 DELFI C3
1 32789U 08021G   14182.15058340  .00003521  00000-0  33933-3 0  9975
2 32789 097.7200 242.9215 0013680 117.5413 295.1467 14.93496658334583
0 SEEDS
1 32791U 08021J   14182.12310417  .00001223  00000-0  14353-3 0  9546
2 32791 097.7004 233.9922 0015924 136.1411 224.1072 14.86612895334120
0 YUBELEINY
1 32953U 08025A   14182.47683228  .00000010  00000-0  00000+0 0   590
2 32953 082.5015 192.3242 0020115 122.6862 237.6165 12.43048754277031
0 PRISM (HITOMI)
1 33493U 09002B   14182.79120411  .00001606  00000-0  17456-3 0   602
2 33493 098.2496 359.0613 0018605 040.5957 319.6683 14.89503143294356
0 STARS (KUKAI)
1 33498U 09002G   14182.61810425  .00001155  00000-0  17708-3 0  3870
2 33498 098.1938 313.7664 0011360 207.3817 217.2477 14.75590705292181
0 KKS-1 (KISEKI)
1 33499U 09002H   14182.41328172  .00000476  00000-0  81400-4 0  3979
2 33499 098.1909 310.2626 0009057 213.9597 187.3511 14.73415345291941
0 SWISSCUBE
1 35932U 09051B   14182.29384677  .00000386  00000-0  10145-3 0  3411
2 35932 098.3800 294.6228 0007057 346.8281 013.2730 14.54461986252942
0 BEESAT
1 35933U 09051C   14182.13847446  .00000372  00000-0  97531-4 0  6225
2 35933 098.3798 295.2268 0005527 005.7709 354.3550 14.54763862253001
0 UWE-2
1 35934U 09051D   14182.07537385  .00000284  00000-0  77433-4 0  9861
2 35934 098.3743 294.2057 0006246 006.4313 353.6963 14.54499017252989
0 ITUPSAT 1
1 35935U 09051E   14182.79353092  .00000470  00000-0  12230-3 0  5273
2 35935 098.3899 296.1108 0007599 347.7293 012.3717 14.54063740252997
0 XIWANG-1 (HOPE-1)
1 36122U 09072B   14182.77930652 -.00000043  00000-0  00000+0 0  7262
2 36122 100.2489 234.2121 0007582 200.2714 159.8096 13.16316548218358
0 JUGNU
1 37839U 11058B   14182.31838333  .00000342  00000-0  40570-4 0  6461
2 37839 019.9603 169.2900 0019021 139.1100 001.7709 14.12315800140559
0 SRMSAT
1 37841U 11058D   14182.40508605  .00000318  00000-0  30149-4 0  6509
2 37841 019.9705 188.3733 0012125 079.3044 060.8793 14.10356415140364
0 AUBIESAT-1
1 37854U 11061E   14182.08873059  .00005202  00000-0  34849-3 0  8283
2 37854 101.7162 220.2689 0214018 013.7090 042.1125 14.90919910144784
0 M-CUBED/EXP-1 PRIME
1 37855U 11061F   14182.08381978  .00004822  00000-0  32757-3 0  8360
2 37855 101.7166 219.6033 0216134 015.0457 039.5310 14.90227886144754
0 MASAT-1
1 38081U 12006E   14182.76339330  .00058024  42216-5  65019-3 0  1826
2 38081 069.4533 312.4344 0360875 334.0831 140.9067 15.11424045125679
